codigo,unidades,venta
0,2.0,2.0
64,2.0,7050.0
71,5910.0,848562.03
712,756.0,128914.0
713,1329.0,253075.0
1,829.0,1129709.1
2,191.0,242093.93
3,467.0,626799.58
4,449.0,587572.2
5,611.0,841225.76
6,279.0,369012.78
7,504.0,720321.38
8,772.0,1054373.61
9,2372.0,3149101.91
10,579.0,767962.19
11,1049.0,1540124.39
12,307.0,455093.76
13,348.0,530581.86
14,367.0,569480.62
15,485.0,802225.65
16,3998.0,6107555.09
17,395.0,608505.04
18,142.0,200042.85
19,764.0,1150762.76
20,1857.0,2913160.07
21,494.0,798043.29
22,1374.0,2057798.69
23,352.0,529197.48
24,1195.0,1822384.3
72,165.0,249107.79
74,45.0,51484.28
75,8356.0,0.0
76,28184.0,0.0
80,22.0,36782.0
81,40.0,65108.91
711,567.0,839775.65
25,230.0,254546.0
26,97.0,111358.06
27,44.0,54762.54
28,80.0,101020.68
29,37.0,50220.0
30,113.0,150432.32
73,27.0,31692.59
31,451.0,569880.23
32,186.0,250599.74
33,185.0,274034.69
34,448.0,646461.55
35,812.0,1353668.59
36,3826.0,6359113.91
37,318.0,413497.61
38,277.0,356956.49
39,267.0,349025.0
40,357.0,467507.4
41,293.0,390290.09
42,1099.0,2599109.93
43,637.0,2315879.2
44,104.0,574619.08
45,1641.0,4548282.79
46,1074.0,4647190.25
47,263.0,1618094.82
48,1765.0,5721704.3
49,1242.0,5964687.31
50,318.0,2067486.62
54,240.0,526748.14
55,80.0,264774.44
56,29.0,145710.0
51,863.0,2833816.42
52,405.0,2087773.02
53,167.0,1250056.37
65,31.0,3600.0
66,36.0,7190.0
67,273.0,61252.89
68,456.0,77183.92
69,652.0,104065.53
70,114.0,173646.0
93,67.0,13754.83
94,56.0,12260.64
